<?xml version="1.0"?>
<opencv_storage>
<RotationMatrix type_id="opencv-matrix">
  <rows>3</rows>
  <cols>3</cols>
  <dt>d</dt>
  <data>
    9.9950491881862435e-01 -2.5250296701504225e-02
    1.8770715859049204e-02 2.4975291923301942e-02 9.9957934211833754e-01
    1.4743595342297569e-02 -1.9135099966318580e-02
    -1.4267491957508672e-02 9.9971510272803288e-01</data></RotationMatrix>
<rvector type_id="opencv-matrix">
  <rows>3</rows>
  <cols>1</cols>
  <dt>d</dt>
  <data>
    -1.4508446994214727e-02 1.8956701415271927e-02
    2.5117820741627331e-02</data></rvector>
<tvec type_id="opencv-matrix">
  <rows>3</rows>
  <cols>1</cols>
  <dt>d</dt>
  <data>
    -9.0742192941112805e+01 -5.3316774716400900e+01
    2.0587964846329152e+02</data></tvec>
</opencv_storage>
