<?xml version="1.0"?>
<opencv_storage>
<calibration_Time>"Do 26 Apr 2018 17:00:31 CEST"</calibration_Time>
<nrOfFrames>42</nrOfFrames>
<image_Width>1280</image_Width>
<image_Height>720</image_Height>
<board_Width>9</board_Width>
<board_Height>6</board_Height>
<square_Size>2.4579999923706055e+01</square_Size>
<flagValue>0</flagValue>
<Camera_Matrix type_id="opencv-matrix">
  <rows>3</rows>
  <cols>3</cols>
  <dt>d</dt>
  <data>
    1.4194453480553068e+03 0. 6.5219383851095847e+02 0.
    1.4289436758711777e+03 3.8380346357905557e+02 0. 0. 1.</data></Camera_Matrix>
<Distortion_Coefficients type_id="opencv-matrix">
  <rows>5</rows>
  <cols>1</cols>
  <dt>d</dt>
  <data>
    4.5658789088727988e-02 7.1429906595329673e-01 3.1468606688467141e-03
    -9.8106138637500274e-03 -2.3762801647086560e+00</data></Distortion_Coefficients>
<Avg_Reprojection_Error>5.6741531289609348e-01</Avg_Reprojection_Error>
<Per_View_Reprojection_Errors type_id="opencv-matrix">
  <rows>42</rows>
  <cols>1</cols>
  <dt>f</dt>
  <data>
    3.27131301e-01 3.45518619e-01 1.30765998e+00 4.95931417e-01
    8.60223711e-01 5.41363895e-01 5.24114609e-01 6.77890122e-01
    6.40845954e-01 6.55757189e-01 8.01497757e-01 5.94331920e-01
    7.28660762e-01 9.13593471e-01 5.38514972e-01 6.37263298e-01
    8.38524938e-01 2.19148993e-01 2.07523942e-01 2.02410057e-01
    2.78127134e-01 3.24081540e-01 2.71423817e-01 2.43067503e-01
    2.34743908e-01 2.07961753e-01 3.40070903e-01 3.75980794e-01
    2.51088411e-01 4.79791343e-01 3.51120681e-01 4.44508851e-01
    4.27804112e-01 3.78100812e-01 4.31717843e-01 5.31841934e-01
    5.01220703e-01 4.66670215e-01 9.85585511e-01 5.22252440e-01
    6.81607783e-01 7.62853861e-01</data></Per_View_Reprojection_Errors>
<Extrinsic_Parameters type_id="opencv-matrix">
  <rows>42</rows>
  <cols>6</cols>
  <dt>d</dt>
  <data>
    5.5298615017372120e-02 -9.3582399481998105e-02
    -8.4423216543138682e-02 -1.2623926290298499e+02
    -6.2661257877267531e+01 4.6467288352216974e+02
    4.6351171212436135e-02 -9.0636230347738669e-02
    -8.9246930520987505e-02 -1.3099108266539403e+02
    -6.3874282665700107e+01 4.6638850747786074e+02
    3.8548341148390924e-03 7.3791215159962689e-02
    -5.2531123865381703e-02 -1.1152137110552135e+02
    -6.2225218434824242e+01 5.0890858806597515e+02
    -1.5161816142173340e-01 6.5551320611623942e-01
    -2.3323770342378241e-02 -3.4998005975937815e+01
    -2.7243073410758953e+01 5.6922841829611423e+02
    -9.9845488414375516e-02 1.1816289025505169e+00
    -8.2639953168305316e-02 2.5436640946310497e+01
    -5.9619779380109065e+01 5.4126345279927978e+02
    -4.6013323894950782e-02 4.0263961180410357e-01
    -7.9335849552332777e-02 -6.2446532447417503e+01
    -8.0220019632443055e+01 4.6166735459624215e+02
    -8.4102169715576247e-01 -1.3561888455340293e-01
    -1.0617376578732166e-01 -8.3244706501387384e+01
    1.1490805162591739e+01 5.0721875540930205e+02
    -1.1848876275829561e+00 -1.5200118892754172e-01
    -1.0334146470349637e-01 -1.0360968049058725e+02
    -1.3860494939451380e+01 5.4438475290067925e+02
    -1.1568704049648126e+00 -1.5192749739170194e-01
    -1.0337221081546372e-01 -1.0370763850590340e+02
    -1.4481453904747305e+01 5.4139330106424768e+02
    -7.9004955919034214e-01 -1.3681140942780368e-01
    -9.8175514654649298e-02 -1.0314184964122764e+02
    -4.0188674027251615e+01 5.1393815536924490e+02
    9.8961434138035087e-01 -5.7727343527778176e-02
    3.4114577596944140e-02 -8.1923448276579506e+01
    -9.8191387026805003e+01 3.9006990989345189e+02
    1.1089626054406532e+00 -1.4526087015171116e-01
    3.1592040363533809e-02 -7.3605197614361543e+01
    -9.8934173987341040e+01 3.9175098096337911e+02
    1.2519871383489924e+00 -1.3013868520084426e-01
    5.7550104422889270e-02 -6.3518898167841016e+01
    -6.5372906423620108e+01 3.7864158878499165e+02
    7.4981811733053327e-01 3.3036423833238732e-01 2.1471275362175188e-01
    -5.4262099802293385e+01 -7.7848309242387202e+01
    4.4890530291879026e+02 -5.3024848379904087e-02
    1.2236622614264272e+00 1.2314611811776670e-01 9.7734839154444288e+01
    -3.3825267921402940e+01 6.3904418103639227e+02
    -8.3813727632325058e-02 1.4530669364932132e+00
    1.1501095130462927e-01 1.6408066171652672e+02
    -5.1528731222266785e+01 6.6503509943679228e+02
    2.3612384197026402e-02 4.2644951795176861e-01 3.7428068500965028e-02
    2.8585082933104594e+01 -4.7916805257043606e+01
    5.7520912881643972e+02 -5.1814738029947904e-01
    -1.6363740299374435e-01 -4.5823176355665136e-02
    -1.8032332405046103e+02 -2.7840685864285573e+00
    1.0121786703125281e+03 -4.4098813275887422e-01
    -1.2947416434439118e-01 2.1501591759846450e-02
    -1.8969245643494818e+02 -1.3265266209175506e+01
    1.0605202880430527e+03 -1.9346335743315907e-01
    2.5622202505490954e-01 5.9901043641161854e-02
    -1.5208481523771653e+02 -7.7488779595223987e+00
    1.0788201518037074e+03 -2.1857938616426423e-01
    7.3510166446063685e-01 1.2269933465118245e-01
    -7.7676665144901676e+01 2.9927847191308892e+01
    1.1081728022180264e+03 -2.8147506044884746e-01
    9.3829123223339495e-01 1.3909731456421023e-01
    -6.4455369256576105e+01 4.2998625081473989e+01
    1.1309870976325039e+03 3.4031834162280665e-02
    -8.0445292562452420e-01 -1.1666489387958686e-02
    -2.4190456751089425e+02 1.6856168087201816e+01
    9.3437427728261423e+02 1.6817517041989979e-01
    -6.9083129774022589e-01 -2.9105834602053654e-02
    -2.5882110357737685e+02 1.3837523925619863e+01
    9.2940501628689833e+02 1.5641571367804447e-01
    -6.7944900068910452e-01 -2.3926735355221235e-02
    -2.6103078944011287e+02 1.1353977544231498e+01
    9.3362707888677801e+02 -4.3699878427911169e-03
    -6.0768178016825525e-01 -7.0933491998554365e-02
    -2.7159048064482892e+02 2.7090597395207472e+00
    9.5004291052307747e+02 -9.4468784455219812e-01
    -1.1820232888752270e-01 -1.4254852005350754e-01
    -1.8115156435701007e+02 1.0732952106507244e+02
    9.2043716240578863e+02 -1.0398720083027218e+00
    -1.1387512414918702e-01 -1.8999990044292292e-01
    -1.6007048210974042e+02 9.2397489566986678e+01
    8.5441656311592919e+02 6.5242844947346230e-03
    -2.3559558692948351e-01 -9.1839914298217459e-02
    -1.7036904109718068e+02 3.4542672479270156e+00
    7.9178777070096999e+02 4.7385382989765706e-01
    -2.4377312472467347e-01 -8.2333719389852025e-02
    -1.6517018193679462e+02 -1.0726626394950641e+02
    7.4045641892584979e+02 9.2845877887622819e-01
    -2.8876800494175819e-01 5.9196340137658052e-02
    -1.4105385488214461e+02 -1.8132009991311676e+02
    6.9856156625051278e+02 1.2881999087642295e+00
    -2.5507422819388753e-01 1.5413779498831920e-01
    -1.2326356492657786e+02 -1.5665007971058770e+02
    6.6637081252315761e+02 1.1824567600616596e+00
    -2.3082983881870905e-01 1.1157037007366453e-01
    -1.1441786639626788e+02 -1.3759189045113442e+02
    6.4012702747859032e+02 1.0268534754969814e+00
    -2.3745773668124678e-01 9.1947526611066671e-02
    -1.1468618939734284e+02 -1.5517130882537603e+02
    6.4537574318894997e+02 9.7557616925528168e-01
    -4.0962366252040255e-01 -1.3215998649884238e-02
    -1.1629080377217178e+02 -1.4321472463318798e+02
    6.3178585434157867e+02 6.6089589858983866e-01
    -7.5850385955875255e-01 -1.0174830063151810e+00
    -1.4982592750202363e+02 2.4790575037674280e+01
    6.0666484569704744e+02 5.8698574060179198e-01
    -7.1559412078663054e-01 -1.0237659075206560e+00
    -1.6432355819134625e+02 2.0468312167700674e+01
    6.1219881944286419e+02 5.3301484856249137e-01
    -7.0838015665172283e-01 -1.0239887114191064e+00
    -1.6895814761941472e+02 1.6944042199372227e+01
    6.1356935445303873e+02 2.2704255228941128e-01
    -2.3197081176284817e-01 -3.6378366465254514e-01
    -1.9281865892713176e+02 -1.0648110567727198e+02
    6.6247597725161188e+02 4.1166373170886172e-02
    -1.9937455361978860e-02 9.7554738813827080e-01
    -1.0018002281793918e+00 -1.1285759534081080e+02
    7.1656019564389135e+02 -2.3342685780253386e-01
